Parameters: 
k 	 =      258.169 +/-      1.13193 or +/- 0.438448%
S 	 =     -4.41889 +/-     0.013708 or +/- 0.310213%
C 	 =    0.0107242 +/-  0.000124978 or +/- 1.16538%
pi 	 =      3337.63 +/-    0.0248111 or +/- 0.000743375%
omega 	 =    0.0198678 +/-   0.00140079 or +/- 7.05055%
lambda 	 =  6.07074e-006 +/- 1.09046e-007 or +/- 1.79625%
Correlation matrix: 
 1.0000E+000     9.2470E-001     6.9405E-002    -9.9172E-001    -1.0393E-001     8.2056E-001    
 9.2470E-001     1.0000E+000    -2.0403E-001    -9.0654E-001    -2.3792E-002     7.5232E-001    
 6.9405E-002    -2.0403E-001     1.0000E+000    -7.2838E-002    -4.1781E-001     1.6825E-002    
-9.9172E-001    -9.0654E-001    -7.2838E-002     1.0000E+000     1.1335E-001    -7.7827E-001    
-1.0393E-001    -2.3792E-002    -4.1781E-001     1.1335E-001     1.0000E+000    -2.9994E-001    
 8.2056E-001     7.5232E-001     1.6825E-002    -7.7827E-001    -2.9994E-001     1.0000E+000    
